 8626 1  
 2289 1  
 2309 1  
 3362 5  
 5373 1  
 0 9  
 3540 1  
 380 1  
 4034 1  
 3 4  
 433 1  
 1227 1  
 2342 9  
 63 1  
 3600 2  
 41 1  
 7230 2  
 4525 8  
 3259 1  
 35 2  
 332 1  
 443 1  
 9923 3  
 409 1  
 99 1  
 9 1  
 770 1  
 442 1  
 3239 1  
 1 1  
 6500 1  
 625 1  
 43 1  
 2364 3  
 26 1  
 40 1  
 3555 4  
 34 2  
 3400 1  
 86 1  
 7334 2  
 4183 1  
 1837 1  
 4262 3  
 4423 6  
 4215 1  
 4744 3  
 4442 5  
 4352 5  
 3441 2  
 2153 1  
 4364 4  
 2134 2  
 3342 9  
 3632 4  
 3334 9  
 3433 9  
 4231 1  
 3324 6  
 6253 2  
 5342 4  
 2527 2  
 4163 2  
 3225 2  
 2352 4  
 5643 2  
 3497 1  
 2664 1  
 3335 8  
 2334 9  
 3014 1  
 3613 1  
 5464 1  
 5145 1  
 3254 4  
 3525 3  
 3744 1  
 8749 1  
 2337 8  
 2636 1  
 6402 1  
 2336 7  
 2429 1  
 1443 4  
 3235 5  
 1830 1  
 2552 4  
 3584 1  
 4234 9  
 2744 3  
 1832 1  
 8574 1  
 3244 3  
 7323 1  
 2383 4  
 3672 4  
 8242 2  
 3762 4  
 2623 2  
 4365 2  
 2523 2  
 4816 1  
 3339 1  
 2316 6  
 3474 1  
 8542 1  
 4537 2  
 2453 2  
 3735 2  
 1836 2  
 7463 3  
 2314 4  
 1362 4  
 2338 3  
 1534 4  
 1651 1  
 4454 2  
 4641 1  
 2445 3  
 1431 1  
 2313 4  
 4323 7  
 2414 5  
 3224 5  
 5355 2  
 3023 2  
 3232 6  
 3847 2  
 4173 1  
 2421 4  
 1413 3  
 3355 5  
 3233 8  
 4355 3  
 3446 3  
 3344 9  
 2638 1  
 1346 3  
 2734 1  
 2426 1  
 4438 2  
 3745 1  
 4434 9  
 3741 2  
 3348 2  
 5324 4  
 2442 9  
 3444 4  
 3415 6  
 4184 1  
 2422 4  
 4248 2  
 3144 5  
 2222 3  
 3522 2  
 4321 2  
 3333 9  
 4433 7  
 4343 9  
 3733 7  
 4263 6  
 4342 9  
 3345 5  
 3281 1  
 3313 3  
 2347 6  
 7226 2  
 2394 2  
 1333 5  
 2315 6  
 2625 2  
 2474 2  
 3374 4  
 3241 2  
 4134 3  
 2382 2  
 5414 4  
 9436 4  
 3365 1  
 3243 6  
 1542 4  
 5203 1  
 3836 1  
 3448 2  
 3255 3  
 4148 1  
 3432 9  
 7244 1  
 3434 9  
 3442 9  
 4272 3  
 1455 1  
 4354 5  
 2354 8  
 3245 6  
 5153 3  
 3252 5  
 7235 1  
 3443 9  
 4332 9  
 1442 6  
 1631 2  
 4714 1  
 2144 5  
 1435 3  
 4674 1  
 3431 2  
 2374 6  
 4172 1  
 3353 9  
 7251 1  
 3725 1  
 2489 1  
 1564 2  
 2362 1  
 3537 4  
 2234 5  
 3582 1  
 2642 3  
 4742 2  
 2427 1  
 3242 7  
 2534 2  
 3132 5  
 3214 3  
 1354 3  
 3423 9  
 4517 1  
 2816 1  
 4164 2  
 8164 1  
 3264 2  
 3783 1  
 2304 1  
 2356 4  
 2923 1  
 2529 1  
 2328 2  
 4382 2  
 2665 1  
 2375 4  
 1532 2  
 2716 1  
 1415 2  
 1324 4  
 3414 4  
 2275 1  
 3412 1  
 3723 5  
 2441 4  
 7943 2  
 2524 4  
 3535 4  
 4282 2  
 2343 9  
 7434 5  
 3476 3  
 2418 2  
 3435 8  
 2143 2  
 8284 1  
 2463 5  
 3354 5  
 3625 3  
 3542 6  
 4223 3  
 1323 3  
 3533 9  
 3734 8  
 2217 1  
 4381 1  
 3852 1  
 6260 1  
 3323 9  
 9482 1  
 2644 1  
 224 1  
 3633 4  
 2434 8  
 3532 4  
 2371 2  
 6547 2  
 3424 9  
 3427 4  
 4233 6  
 3466 2  
 8532 1  
 4392 1  
 4242 4  
 4445 2  
 8254 1  
 2614 1  
 3452 9  
 4253 5  
 2753 1  
 1734 3  
 2322 2  
 4435 4  
 3343 9  
 2355 5  
 1535 1  
 4658 1  
 1423 7  
 1355 1  
 7353 2  
 160 1  
 2472 2  
 1652 2  
 5430 1  
 1458 1  
 4238 3  
 532 1  
 2662 2  
 3456 1  
 4393 2  
 3352 4  
 4245 2  
 4265 2  
 2437 3  
 6414 3  
 3260 1  
 2333 8  
 4363 4  
 4344 7  
 4624 4  
 3337 4  
 3447 2  
 1252 1  
 3163 2  
 1234 4  
 7153 2  
 1382 3  
 5338 3  
 3463 6  
 3338 1  
 3576 1  
 5315 6  
 6342 1  
 1545 3  
 8056 1  
 3256 1  
 8635 1  
 2256 1  
 3653 4  
 2432 6  
 2476 4  
 5406 1  
 3562 3  
 5424 2  
 4644 3  
 7342 2  
 4581 1  
 1372 2  
 6454 1  
 5442 5  
 4314 4  
 4425 4  
 7343 2  
 3445 2  
 5532 1  
 4543 5  
 4373 3  
 9334 1  
 5254 3  
 4733 2  
 6234 2  
 3438 3  
 7241 1  
 2433 7  
 3552 2  
 1622 2  
 4472 2  
 3736 4  
 8344 1  
 2326 3  
 2631 1  
 4536 2  
 2555 1  
 6335 1  
 4252 4  
 1444 6  
 2554 1  
 4335 5  
 2431 3  
 2243 3  
 3422 9  
 1772 1  
 7159 1  
 3314 2  
 6444 1  
 1738 1  
 2341 6  
 6425 1  
 8538 1  
 8435 2  
 2542 3  
 3436 7  
 2272 2  
 2522 2  
 4250 1  
 3732 2  
 3844 1  
 4225 2  
 4754 1  
 3472 3  
 4446 1  
 4453 4  
 7673 1  
 4623 2  
 9434 2  
 2425 4  
 2543 4  
 3236 7  
 4372 1  
 5444 5  
 3234 9  
 3662 4  
 6424 1  
 2136 2  
 5372 1  
 3364 2  
 7345 1  
 5233 1  
 315 1  
 3942 1  
 4353 5  
 3332 8  
 4142 5  
 2462 3  
 4443 9  
 3634 5  
 2937 1  
 5234 4  
 3631 2  
 7368 1  
 1523 4  
 5314 2  
 2135 1  
 3664 2  
 7352 1  
 4232 4  
 5753 2  
 4833 1  
 5436 1  
 5337 2  
 5364 3  
 2533 2  
 4334 9  
 3534 9  
 3663 3  
 5479 1  
 2348 3  
 2321 6  
 5255 2  
 3171 1  
 7477 1  
 8153 1  
 2559 1  
 7542 1  
 5416 1  
 4447 2  
 4405 1  
 6433 1  
 4333 9  
 5738 1  
 3315 3  
 7836 2  
 3226 1  
 8272 1  
 1723 1  
 7234 2  
 9344 2  
 7448 1  
 7452 2  
 3426 5  
 3581 1  
 1337 2  
 3969 1  
 7412 1  
 4416 3  
 1632 2  
 7165 2  
 5215 2  
 4236 5  
 4244 6  
 2353 9  
 3022 1  
 1615 2  
 1319 1  
 4462 1  
 2327 3  
 7303 1  
 7636 1  
 1725 2  
 2622 4  
 1223 1  
 7243 2  
 3572 1  
 4913 2  
 4469 1  
 1419 2  
 1624 5  
 2634 2  
 1103 1  
 1133 2  
 6337 3  
 1261 1  
 3563 3  
 1472 2  
 3462 6  
 5321 2  
 7433 1  
 2935 1  
 7233 2  
 6135 1  
 3523 8  
 1334 8  
 1374 1  
 3135 2  
 5357 1  
 2484 1  
 1339 1  
 5316 3  
 3946 2  
 4213 3  
 2344 9  
 6262 1  
 1343 3  
 1727 1  
 4432 4  
 2331 4  
 2154 3  
 5335 3  
 2247 2  
 5433 4  
 3293 1  
 2562 1  
 3644 3  
 3543 6  
 2363 7  
 3142 4  
 2424 5  
 1445 3  
 2261 1  
 2633 3  
 2034 1  
 3437 5  
 5133 1  
 1344 5  
 5413 2  
 3418 3  
 3326 1  
 3322 3  
 7468 1  
 3399 1  
 4642 3  
 7143 2  
 3417 1  
 4437 1  
 6343 2  
 9337 1  
 4431 1  
 7835 1  
 1262 1  
 4324 3  
 4784 2  
 5535 2  
 1452 1  
 3516 2  
 8333 1  
 2324 8  
 7144 1  
 3828 1  
 9363 1  
 7653 1  
 4235 6  
 3151 1  
 4736 1  
 2667 1  
 5143 5  
 1731 2  
 1464 1  
 2373 3  
 4243 4  
 4933 2  
 4255 2  
 3341 3  
 4338 2  
 6434 2  
 3346 9  
 1544 6  
 2646 1  
 3153 5  
 373 1  
 4993 1  
 5915 1  
 2553 1  
 3478 1  
 2735 1  
 2325 5  
 3121 1  
 1365 2  
 3133 3  
 6437 1  
 1327 1  
 9541 1  
 2415 3  
 2221 1  
 1422 1  
 5236 2  
 5412 1  
 4436 4  
 5524 3  
 3583 1  
 2340 1  
 5653 1  
 3731 2  
 4273 1  
 5449 1  
 3325 2  
 5446 1  
 4637 2  
 3421 4  
 3643 6  
 2531 1  
 3832 1  
 1235 1  
 2360 1  
 3624 4  
 4542 2  
 9243 2  
 5322 1  
 9437 1  
 4945 1  
 3524 3  
 3493 3  
 2938 2  
 3386 4  
 6427 1  
 2392 3  
 5473 1  
 4326 2  
 2349 2  
 3349 2  
 2223 2  
 6474 1  
 5465 1  
 5343 2  
 4647 1  
 4420 1  
 3356 1  
 5453 1  
 5443 2  
 3553 7  
 3455 2  
 3642 4  
 2546 1  
 3253 3  
 1642 1  
 2345 1  
 5325 2  
 6435 2  
 7505 1  
 5263 1  
 2332 6  
 2473 3  
 3316 2  
 3068 1  
 3457 2  
 3652 3  
 4415 4  
 5341 2  
 3491 1  
 2575 1  
 4156 1  
 1424 2  
 5733 1  
 6383 1  
 6634 1  
 5223 2  
 4337 3  
 1521 2  
 8232 1  
 4553 4  
 4634 4  
 2335 4  
 3331 3  
 2443 6  
 3382 1  
 1543 6  
 9278 1  
 3141 1  
 4146 1  
 5344 8  
 6233 2  
 4143 2  
 2192 2  
 5646 1  
 3263 3  
 4145 2  
 6464 1  
 3541 3  
 4132 4  
 3461 2  
 5196 1  
 5463 1  
 4414 7  
 4430 1  
 2351 4  
 2132 3  
 3143 4  
 5253 3  
 4823 2  
 5448 1  
 9633 1  
 4513 3  
 4452 6  
 2464 2  
 5332 3  
 5333 4  
 5334 4  
 5425 2  
 1429 1  
 4229 2  
 4241 2  
 4351 2  
 4412 1  
 4461 1  
 3152 1  
 6333 2  
 4921 1  
 5336 2  
 5545 1  
 4483 1  
 1546 2  
 5354 3  
 4239 1  
 3565 2  
 2413 4  
 3034 1  
 3754 2  
 3922 1  
 3393 2  
 4546 1  
 5244 3  
 3544 6  
 6167 1  
 5323 4  
 3321 2  
 1352 5  
 3185 1  
 3822 1  
 7478 1  
 5135 1  
 7622 2  
 3373 3  
 1484 2  
 3671 1  
 4583 2  
 7322 1  
 2447 3  
 2951 1  
 3453 2  
 4374 3  
 5213 2  
 6124 1  
 3743 3  
 2423 8  
 1552 2  
 7436 2  
 1403 1  
 3404 1  
 2233 5  
 9755 1  
 6524 3  
 5553 1  
 9246 1  
 3536 2  
 1351 1  
 3154 2  
 4943 2  
 3621 1  
 2520 1  
 3237 4  
 7130 1  
 1524 3  
 2384 1  
 8363 1  
 2571 2  
 3496 1  
 3037 1  
 3547 2  
 1325 1  
 7231 1  
 3430 2  
 8327 1  
 1743 3  
 6165 2  
 2724 3  
 3635 3  
 3623 9  
 3538 3  
 5331 3  
 1885 1  
 2372 3  
 3953 1  
 6235 1  
 2617 2  
 2254 1  
 2417 2  
 1315 1  
 4638 1  
 4214 2  
 4533 3  
 3413 4  
 1735 2  
 2732 2  
 3681 1  
 2235 2  
 3742 5  
 2822 3  
 2151 1  
 2346 8  
 1371 1  
 1663 3  
 6317 2  
 3794 1  
 3318 2  
 7583 1  
 2438 1  
 8235 1  
 6363 2  
 1353 1  
 5356 2  
 3150 1  
 3274 1  
 4216 2  
 4254 4  
 5644 3  
 2643 4  
 7247 1  
 4625 2  
 6521 1  
 4633 1  
 439 1  
 1520 1  
 4375 1  
 4656 1  
 7454 1  
 4237 1  
 1332 1  
 3115 1  
 6784 1  
 9360 1  
 1526 1  
 1559 1  
 4294 2  
 3428 1  
 1533 3  
 3482 1  
 2339 1  
 5352 4  
 5515 1  
 4313 3  
 4135 3  
 8555 1  
 8132 1  
 3425 1  
 3383 2  
 3131 1  
 2532 3  
 3035 2  
 1527 2  
 3176 1  
 6152 2  
 2357 2  
 3174 1  
 3722 1  
 1426 2  
 2366 1  
 5533 2  
 6446 1  
 3167 1  
 3262 5  
 3454 5  
 3272 4  
 4141 1  
 3574 3  
 2253 1  
 5434 1  
 6231 2  
 4444 6  
 3336 3  
 2651 1  
 3038 1  
 7534 1  
 2582 1  
 3304 1  
 7316 1  
 1633 1  
 1384 1  
 3724 1  
 5224 1  
 3231 2  
 2435 3  
 3637 2  
 6134 2  
 2488 1  
 7523 1  
 6734 2  
 5313 1  
 4646 2  
 1341 2  
 4752 1  
 2297 1  
 4264 2  
 4339 1  
 2637 2  
 6457 1  
 8166 1  
 1433 3  
 1425 2  
 4246 5  
 3737 3  
 7527 1  
 2365 5  
 1643 1  
 1385 1  
 4153 1  
 2448 2  
 3846 1  
 8375 1  
 4667 1  
 2389 1  
 6366 1  
 2933 3  
 2943 1  
 9324 1  
 7232 1  
 4345 4  
 6413 1  
 4463 1  
 6525 2  
 3753 1  
 5536 1  
 5346 1  
 3554 1  
 2544 3  
 4138 1  
 6364 1  
 4152 2  
 7419 1  
 5572 1  
 2639 2  
 4622 1  
 5926 1  
 2358 3  
 4283 2  
 1739 1  
 3674 1  
 2156 1  
 9222 1  
 3363 4  
 4682 1  
 4426 1  
 7447 1  
 5456 1  
 5232 1  
 4544 1  
 223 1  
 4545 2  
 6323 2  
 6767 1  
 8724 1  
 6675 1  
 4972 1  
 2547 1  
 6453 1  
 3483 1  
 5144 3  
 3752 1  
 4535 2  
 4411 2  
 3492 2  
 4441 3  
 8537 1  
 4973 1  
 3247 2  
 3464 2  
 1541 2  
 3053 1  
 3419 1  
 3531 1  
 4261 1  
 1363 1  
 4175 1  
 3834 3  
 4563 1  
 3546 2  
 5623 1  
 4424 7  
 2635 2  
 2632 1  
 5428 1  
 4844 2  
 5423 1  
 2252 1  
 3614 2  
 1345 2  
 4251 1  
 4774 1  
 4734 2  
 2743 1  
 4632 1  
 4726 1  
 5647 1  
 4147 1  
 6384 1  
 4439 1  
 5625 1  
 1565 1  
 6527 1  
 5252 2  
 4478 1  
 3545 3  
 4422 4  
 4362 2  
 3155 2  
 3376 1  
 5552 1  
 8442 1  
 2624 2  
 4652 1  
 3261 1  
 3764 1  
 6346 1  
 2244 3  
 4664 2  
 9374 1  
 3113 1  
 7431 1  
 4421 1  
 3183 1  
 5421 2  
 8372 1  
 5275 1  
 8263 1  
 2929 1  
 6173 1  
 1722 1  
 4116 1  
 3403 1  
 9336 1  
 4753 1  
 7483 1  
 6531 1  
 6344 1  
 7733 1  
 7354 1  
 4224 2  
 4731 1  
 7831 1  
 3638 2  
 7763 1  
 1733 1  
 7554 2  
 1335 2  
 5837 1  
 2359 1  
 3784 1  
 2399 1  
 8414 1  
 3874 2  
 6345 1  
 7545 1  
 2163 1  
 2238 1  
 9157 1  
 3837 1  
 5393 1  
 1817 1  
 7356 1  
 2166 1  
 4613 2  
 2653 1  
 4956 1  
 7344 1  
 2577 1  
 3954 1  
 9443 1  
 8345 1  
 4564 1  
 2452 1  
 3944 1  
 9253 1  
 6316 1  
 2833 1  
 2537 1  
 9723 1  
 2303 1  
 6772 1  
 5636 1  
 7332 2  
 1427 1  
 1314 3  
 5868 1  
 3451 1  
 1322 1  
 3213 2  
 3134 1  
 4482 2  
 1454 1  
 1656 1  
 3024 1  
 447 1  
 4539 1  
 4534 1  
 5525 1  
 3539 1  
 3359 1  
 4341 3  
 3514 2  
 2237 2  
 4347 2  
 5366 1  
 4722 1  
 3103 1  
 5440 1  
 2515 1  
 7371 1  
 3172 1  
 2436 4  
 1741 1  
 2613 2  
 9172 1  
 3164 1  
 3673 2  
 1537 1  
 3763 2  
 3071 1  
 1742 1  
 5562 1  
 8382 1  
 9944 1  
 1430 1  
 1361 1  
 5365 1  
 1405 1  
 1476 1  
 2381 1  
 5214 2  
 1046 1  
 3249 1  
 1551 1  
 3136 1  
 1383 1  
 4371 1  
 2674 1  
 5132 1  
 4157 1  
 9352 1  
 6741 1  
 3173 1  
 9389 1  
 5353 2  
 2652 2  
 2133 1  
 4171 1  
 1536 2  
 3303 1  
 1331 1  
 2573 1  
 1364 3  
 1635 2  
 3882 1  
 4366 1  
 8304 1  
 5134 2  
 3410 1  
 3937 1  
 6257 2  
 9536 1  
 8515 1  
 4514 2  
 2526 1  
 6445 1  
 3573 2  
 4325 2  
 5531 2  
 4226 1  
 2762 1  
 1376 2  
 1336 1  
 4653 2  
 3842 1  
 1492 1  
 4527 1  
 6522 1  
 846 1  
 3390 1  
 4418 1  
 2416 1  
 6545 1  
 2627 1  
 5645 1  
 3275 1  
 1513 1  
 8326 1  
 5622 1  
 3471 1  
 9111 1  
 4302 1  
 4413 2  
 7135 1  
 2444 3  
 4723 2  
 7223 1  
 3513 1  
 1625 1  
 6415 2  
 6273 1  
 4565 1  
 4331 3  
 5271 1  
 2306 1  
 2791 1  
 2525 1  
 9442 1  
 6255 1  
 9239 1  
 1326 1  
 9244 1  
 5415 2  
 1453 2  
 4166 1  
 6655 1  
 4133 1  
 1744 2  
 3479 1  
 1973 1  
 2676 1  
 3587 1  
 8152 1  
 1043 1  
 4724 1  
 3215 2  
 8142 1  
 1621 1  
 2495 1  
 2146 1  
 2231 1  
 2385 1  
 1634 2  
 2469 1  
 7567 1  
 5154 1  
 4376 1  
 5432 1  
 1033 1  
 2717 1  
 3923 1  
 4914 1  
 1437 1  
 7348 1  
 4484 1  
 4383 1  
 7422 1  
 5445 1  
 1432 2  
 9422 1  
 3312 1  
 3615 1  
 3622 1  
 4732 1  
 6141 1  
 3375 1  
 5556 1  
 6513 1  
 6631 2  
 4154 1  
 5330 1  
 1582 1  
 4524 1  
 1246 1  
 3429 1  
 9254 1  
 746 1  
 4379 1  
 1359 1  
 1302 1  
 3175 1  
 3526 1  
 232 1  
 2274 1  
 1553 1  
 1548 1  
 1329 1  
 1441 1  
 1417 1  
 3717 1  
 3695 1  
 6763 1  
 6166 1  
 1623 1  
 5743 1  
 4039 1  
 5534 1  
 4531 1  
 4555 1  
 4063 1  
 6673 1  
 4346 1  
 9234 1  
 2763 1  
 5541 1  
 5437 1  
 6386 1  
 1414 2  
 5363 3  
 3917 1  
 2368 1  
 6143 2  
 2232 3  
 5345 1  
 1131 1  
 6646 1  
 6862 1  
 4162 1  
 6458 1  
 3394 1  
 4165 1  
 4818 1  
 1449 1  
 4541 1  
 2750 1  
 8134 1  
 1049 1  
 6352 1  
 7435 1  
 2282 1  
 4518 1  
 4168 1  
 3678 1  
 3285 1  
 1602 1  
 5542 1  
 7335 1  
 4427 1  
 2162 1  
 7525 1  
 6636 1  
 7263 1  
 6242 1  
 4368 2  
 3921 1  
 6377 1  
 4554 1  
 2131 1  
 3148 1  
 6516 1  
 1466 1  
 6411 1  
 2173 1  
 6721 1  
 7192 1  
 2273 1  
 6256 1  
 4673 1  
 4743 1  
 2621 1  
 3873 1  
 1436 1  
 1522 1  
 4247 1  
 7424 1  
 6362 1  
 7444 1  
 6334 1  
 2837 1  
 3361 1  
 5544 2  
 2264 1  
 4336 1  
 2386 1  
 5435 1  
 3843 1  
 6723 1  
 2361 1  
 1253 1  
 8251 1  
 3566 1  
 5554 1  
 6225 1  
 1471 1  
 9424 1  
 6216 1  
 5376 1  
 4417 1  
 8264 1  
 2446 1  
 5493 1  
 5422 1  
 4532 1  
 2793 1  
 3758 1  
 6243 1  
 6223 1  
 8814 1  
 3216 1  
 6735 1  
 4460 1  
 5222 1  
 7363 1  
 5529 1  
 5631 1  
 6244 1  
 6578 1  
 4522 1  
 4448 1  
 4455 1  
 1434 1  
 2242 1  
 7397 1  
 8223 1  
 5462 1  
 6782 1  
 9242 1  
 2398 1  
 6213 1  
 3351 1  
 3833 1  
 5723 1  
 3294 1  
 3045 1  
 6515 1  
 2319 1  
 3765 1  
 5457 1  
 7852 1  
 2586 1  
 4528 1  
 3518 1  
 6552 1  
 2456 1  
 5426 1  
 3495 1  
 5748 1  
 6354 1  
 7536 1  
 6263 1  
 2477 1  
 5266 1  
 6641 1  
 3177 1  
 7832 1  
 6623 1  
 2263 1  
 5574 1  
 7633 1  
 1653 1  
 2764 1  
 1241 1  
 2215 1  
 5439 1  
 4161 1  
 5124 1  
 3575 1  
 9343 1  
 2317 1  
 7670 1  
 6744 1  
 6163 1  
 6230 1  
 1236 1  
 5264 1  
 6423 1  
 7392 1  
 3223 1  
 7823 1  
 4093 1  
 4395 1  
 8495 1  
